[[0.9999999999999999, 0.7826237921249264, 0.5590169943749475, 0.4472135954999579, 0.5590169943749475, 0.4714045207910316, 0.5892556509887895, 0.4472135954999579, 0.4472135954999579, 0.6249999999999999, 0.12499999999999997, 0.35355339059327373, 0.24999999999999994, 0.5590169943749475, 0.35355339059327373, 0.35355339059327373, 0.21320071635561041, 0.4714045207910316, 0.22360679774997896, 0.4999999999999999, 0.3749999999999999, 0.4472135954999579, 0.35355339059327373, 0.35355339059327373, 0.35355339059327373, 0.4472135954999579, 0.2357022603955158, 0.2357022603955158, 0.33541019662496846, 0.22360679774997896, 0.4714045207910316, 0.1178511301977579, 0.22360679774997896, 0.0, 0.3198010745334156, 0.10660035817780521, 0.11180339887498948, 0.09805806756909201, 0.22360679774997896, 0.11180339887498948, 0.1178511301977579, 0.1178511301977579, 0.4472135954999579, 0.33541019662496846, 0.2041241452319315, 0.33541019662496846, 0.10660035817780521, 0.3198010745334156, 0.3198010745334156, 0.22360679774997896, 0.22360679774997896, 0.09805806756909201, 0.10660035817780521, 0.18257418583505533, 0.08838834764831843, 0.18257418583505533, 0.1889822365046136, 0.10660035817780521, 0.1889822365046136, 0.18257418583505533, 0.10660035817780521, 0.10206207261596575, 0.10206207261596575, 0.09805806756909201, 0.1889822365046136, 0.10206207261596575, 0.18257418583505533, 0.618718433538229, 0.7826237921249264, 0.6708203932499369, 0.472455591261534, 0.6396021490668312, 0.12499999999999997, 0.33541019662496846, 0.4714045207910316, 0.22360679774997896, 0.0944911182523068, 0.28347335475692037, 0.11180339887498948, 0.09805806756909201, 0.49029033784546006, 0.3198010745334156, 0.6708203932499369, 0.33541019662496846, 0.408248290463863, 0.21320071635561041, 0.533001790889026, 0.294174202707276, 0.273861278752583, 0.2041241452319315, 0.2041241452319315, 0.22360679774997896, 0.533001790889026, 0.21320071635561041, 0.10206207261596575, 0.10660035817780521, 0.33541019662496846, 0.4714045207910316, 0.4999999999999999, 0.4714045207910316, 0.24999999999999994, 0.22360679774997896, 0.3749999999999999, 0.35355339059327373, 0.35355339059327373, 0.4472135954999579, 0.1178511301977579, 0.2041241452319315, 0.10206207261596575, 0.22360679774997896, 0.10660035817780521, 0.2041241452319315, 0.24999999999999994, 0.10660035817780521, 0.0, 0.21320071635561041, 0.1178511301977579, 0.10206207261596575, 0.33541019662496846, 0.2357022603955158, 0.22360679774997896, 0.22360679774997896, 0.4472135954999579, 0.10206207261596575, 0.10206207261596575, 0.21320071635561041, 0.0, 0.0, 0.0, 0.0, 0.0, 0.0, 0.0, 0.0, 0.0, 0.0, 0.10206207261596575, 0.10206207261596575, 0.0944911182523068, 0.10206207261596575, 0.09128709291752767, 0.10206207261596575, 0.10660035817780521, 0.10206207261596575, 0.10206207261596575, 0.10206207261596575], [0.7826237921249264, 0.9999999999999999, 0.5, 0.4, 0.5, 0.4216370213557839, 0.6324555320336759, 0.4, 0.5, 0.5590169943749475, 0.11180339887498948, 0.31622776601683794, 0.22360679774997896, 0.5, 0.31622776601683794, 0.4216370213557839, 0.19069251784911848, 0.4216370213557839, 0.2, 0.4472135954999579, 0.33541019662496846, 0.4, 0.31622776601683794, 0.31622776601683794, 0.31622776601683794, 0.4, 0.21081851067789195, 0.21081851067789195, 0.30000000000000004, 0.2, 0.4216370213557839, 0.10540925533894598, 0.2, 0.0, 0.2860387767736777, 0.09534625892455924, 0.1, 0.08770580193070293, 0.2, 0.1, 0.10540925533894598, 0.10540925533894598, 0.4, 0.30000000000000004, 0.1825741858350554, 0.30000000000000004, 0.09534625892455924, 0.2860387767736777, 0.2860387767736777, 0.2, 0.2, 0.08770580193070293, 0.09534625892455924, 0.1632993161855452, 0.07905694150420949, 0.1632993161855452, 0.16903085094570333, 0.09534625892455924, 0.16903085094570333, 0.2449489742783178, 0.09534625892455924, 0.0912870929175277, 0.0912870929175277, 0.17541160386140586, 0.16903085094570333, 0.0912870929175277, 0.1632993161855452, 0.47434164902525694, 0.9999999999999999, 0.6, 0.42257712736425834, 0.6674238124719147, 0.11180339887498948, 0.30000000000000004, 0.4216370213557839, 0.2, 0.08451542547285167, 0.33806170189140666, 0.1, 0.08770580193070293, 0.5262348115842176, 0.2860387767736777, 0.6, 0.30000000000000004, 0.3651483716701108, 0.19069251784911848, 0.5720775535473555, 0.2631174057921088, 0.2449489742783178, 0.1825741858350554, 0.27386127875258315, 0.2, 0.5720775535473555, 0.19069251784911848, 0.0912870929175277, 0.09534625892455924, 0.30000000000000004, 0.4216370213557839, 0.4472135954999579, 0.4216370213557839, 0.22360679774997896, 0.2, 0.33541019662496846, 0.31622776601683794, 0.31622776601683794, 0.4, 0.10540925533894598, 0.1825741858350554, 0.0912870929175277, 0.2, 0.09534625892455924, 0.1825741858350554, 0.22360679774997896, 0.09534625892455924, 0.0, 0.19069251784911848, 0.10540925533894598, 0.0912870929175277, 0.30000000000000004, 0.21081851067789195, 0.2, 0.2, 0.4, 0.0912870929175277, 0.0912870929175277, 0.19069251784911848, 0.0, 0.0, 0.0, 0.0, 0.0, 0.0, 0.0, 0.0, 0.0, 0.0, 0.0912870929175277, 0.0912870929175277, 0.08451542547285167, 0.0912870929175277, 0.0816496580927726, 0.0912870929175277, 0.09534625892455924, 0.0912870929175277, 0.0912870929175277, 0.0912870929175277], [0.5590169943749475, 0.5, 1.0, 0.6, 0.7, 0.4216370213557839, 0.6324555320336759, 0.6000000000000001, 0.4, 0.4472135954999579, 0.4472135954999579, 0.31622776601683794, 0.33541019662496846, 0.5, 0.4216370213557839, 0.21081851067789195, 0.38138503569823695, 0.4216370213557839, 0.5, 0.33541019662496846, 0.33541019662496846, 0.5, 0.31622776601683794, 0.31622776601683794, 0.31622776601683794, 0.5, 0.31622776601683794, 0.31622776601683794, 0.4, 0.2, 0.4216370213557839, 0.10540925533894598, 0.2, 0.09534625892455924, 0.2860387767736777, 0.19069251784911848, 0.1, 0.08770580193070293, 0.2, 0.1, 0.10540925533894598, 0.10540925533894598, 0.30000000000000004, 0.4, 0.1825741858350554, 0.30000000000000004, 0.19069251784911848, 0.2860387767736777, 0.2860387767736777, 0.30000000000000004, 0.30000000000000004, 0.0, 0.09534625892455924, 0.1632993161855452, 0.07905694150420949, 0.0816496580927726, 0.08451542547285167, 0.09534625892455924, 0.08451542547285167, 0.0816496580927726, 0.09534625892455924, 0.0912870929175277, 0.0912870929175277, 0.08770580193070293, 0.08451542547285167, 0.0912870929175277, 0.0816496580927726, 0.31622776601683794, 0.5, 0.5, 0.33806170189140666, 0.38138503569823695, 0.4472135954999579, 0.4, 0.4216370213557839, 0.30000000000000004, 0.16903085094570333, 0.253546276418555, 0.1, 0.08770580193070293, 0.43852900965351466, 0.2860387767736777, 0.4, 0.30000000000000004, 0.1825741858350554, 0.2860387767736777, 0.2860387767736777, 0.17541160386140586, 0.1632993161855452, 0.0912870929175277, 0.1825741858350554, 0.2, 0.2860387767736777, 0.19069251784911848, 0.1825741858350554, 0.09534625892455924, 0.7, 0.31622776601683794, 0.33541019662496846, 0.4216370213557839, 0.33541019662496846, 0.30000000000000004, 0.33541019662496846, 0.31622776601683794, 0.31622776601683794, 0.4, 0.21081851067789195, 0.1825741858350554, 0.1825741858350554, 0.30000000000000004, 0.19069251784911848, 0.27386127875258315, 0.22360679774997896, 0.19069251784911848, 0.11180339887498948, 0.19069251784911848, 0.10540925533894598, 0.0912870929175277, 0.30000000000000004, 0.21081851067789195, 0.30000000000000004, 0.30000000000000004, 0.30000000000000004, 0.0912870929175277, 0.0912870929175277, 0.2860387767736777, 0.0, 0.0, 0.0, 0.0, 0.0, 0.0, 0.0, 0.0, 0.0, 0.0, 0.0912870929175277, 0.0912870929175277, 0.08451542547285167, 0.0912870929175277, 0.0816496580927726, 0.0912870929175277, 0.09534625892455924, 0.0912870929175277, 0.0912870929175277, 0.0912870929175277], [0.4472135954999579, 0.4, 0.6, 0.9999999999999999, 0.6, 0.4216370213557839, 0.4216370213557839, 0.5, 0.30000000000000004, 0.4472135954999579, 0.33541019662496846, 0.31622776601683794, 0.22360679774997896, 0.5, 0.4216370213557839, 0.21081851067789195, 0.5720775535473555, 0.4216370213557839, 0.4, 0.33541019662496846, 0.33541019662496846, 0.5, 0.31622776601683794, 0.31622776601683794, 0.31622776601683794, 0.5, 0.31622776601683794, 0.31622776601683794, 0.4, 0.2, 0.31622776601683794, 0.10540925533894598, 0.2, 0.09534625892455924, 0.19069251784911848, 0.19069251784911848, 0.1, 0.08770580193070293, 0.2, 0.1, 0.10540925533894598, 0.10540925533894598, 0.30000000000000004, 0.4, 0.1825741858350554, 0.30000000000000004, 0.19069251784911848, 0.2860387767736777, 0.2860387767736777, 0.30000000000000004, 0.4, 0.0, 0.19069251784911848, 0.1632993161855452, 0.07905694150420949, 0.0816496580927726, 0.08451542547285167, 0.09534625892455924, 0.08451542547285167, 0.0816496580927726, 0.09534625892455924, 0.0912870929175277, 0.0912870929175277, 0.08770580193070293, 0.08451542547285167, 0.0912870929175277, 0.0816496580927726, 0.23717082451262844, 0.4, 0.4, 0.253546276418555, 0.2860387767736777, 0.33541019662496846, 0.30000000000000004, 0.4216370213557839, 0.30000000000000004, 0.16903085094570333, 0.253546276418555, 0.1, 0.08770580193070293, 0.2631174057921088, 0.2860387767736777, 0.30000000000000004, 0.30000000000000004, 0.1825741858350554, 0.38138503569823695, 0.2860387767736777, 0.17541160386140586, 0.1632993161855452, 0.0912870929175277, 0.1825741858350554, 0.2, 0.2860387767736777, 0.19069251784911848, 0.1825741858350554, 0.09534625892455924, 0.5, 0.31622776601683794, 0.33541019662496846, 0.4216370213557839, 0.33541019662496846, 0.4, 0.33541019662496846, 0.31622776601683794, 0.31622776601683794, 0.4, 0.21081851067789195, 0.1825741858350554, 0.1825741858350554, 0.4, 0.19069251784911848, 0.3651483716701108, 0.22360679774997896, 0.19069251784911848, 0.11180339887498948, 0.19069251784911848, 0.10540925533894598, 0.0912870929175277, 0.30000000000000004, 0.21081851067789195, 0.30000000000000004, 0.30000000000000004, 0.30000000000000004, 0.0912870929175277, 0.0912870929175277, 0.4767312946227962, 0.0, 0.0, 0.0, 0.0, 0.0, 0.0, 0.0, 0.0, 0.0, 0.0, 0.0912870929175277, 0.0912870929175277, 0.08451542547285167, 0.0912870929175277, 0.0816496580927726, 0.0912870929175277, 0.09534625892455924, 0.0912870929175277, 0.0912870929175277, 0.0912870929175277], [0.5590169943749475, 0.5, 0.7, 0.6, 1.0, 0.4216370213557839, 0.6324555320336759, 0.4, 0.4, 0.4472135954999579, 0.22360679774997896, 0.31622776601683794, 0.22360679774997896, 0.4, 0.31622776601683794, 0.21081851067789195, 0.2860387767736777, 0.31622776601683794, 0.30000000000000004, 0.33541019662496846, 0.33541019662496846, 0.4, 0.31622776601683794, 0.31622776601683794, 0.31622776601683794, 0.4, 0.31622776601683794, 0.31622776601683794, 0.4, 0.2, 0.4216370213557839, 0.10540925533894598, 0.2, 0.09534625892455924, 0.2860387767736777, 0.19069251784911848, 0.1, 0.08770580193070293, 0.2, 0.1, 0.10540925533894598, 0.10540925533894598, 0.30000000000000004, 0.4, 0.1825741858350554, 0.30000000000000004, 0.19069251784911848, 0.2860387767736777, 0.2860387767736777, 0.30000000000000004, 0.30000000000000004, 0.0, 0.19069251784911848, 0.1632993161855452, 0.07905694150420949, 0.0816496580927726, 0.08451542547285167, 0.09534625892455924, 0.08451542547285167, 0.0816496580927726, 0.09534625892455924, 0.0912870929175277, 0.0912870929175277, 0.08770580193070293, 0.08451542547285167, 0.0912870929175277, 0.0816496580927726, 0.31622776601683794, 0.5, 0.5, 0.33806170189140666, 0.38138503569823695, 0.22360679774997896, 0.30000000000000004, 0.31622776601683794, 0.30000000000000004, 0.16903085094570333, 0.253546276418555, 0.1, 0.08770580193070293, 0.3508232077228117, 0.2860387767736777, 0.4, 0.30000000000000004, 0.1825741858350554, 0.2860387767736777, 0.2860387767736777, 0.17541160386140586, 0.1632993161855452, 0.0912870929175277, 0.1825741858350554, 0.2, 0.2860387767736777, 0.19069251784911848, 0.1825741858350554, 0.09534625892455924, 0.5, 0.31622776601683794, 0.33541019662496846, 0.31622776601683794, 0.33541019662496846, 0.30000000000000004, 0.33541019662496846, 0.31622776601683794, 0.31622776601683794, 0.30000000000000004, 0.21081851067789195, 0.1825741858350554, 0.1825741858350554, 0.4, 0.19069251784911848, 0.3651483716701108, 0.22360679774997896, 0.19069251784911848, 0.11180339887498948, 0.19069251784911848, 0.10540925533894598, 0.0912870929175277, 0.30000000000000004, 0.21081851067789195, 0.30000000000000004, 0.30000000000000004, 0.30000000000000004, 0.0912870929175277, 0.0912870929175277, 0.2860387767736777, 0.0, 0.0, 0.0, 0.0, 0.0, 0.0, 0.0, 0.0, 0.0, 0.0, 0.0912870929175277, 0.0912870929175277, 0.08451542547285167, 0.0912870929175277, 0.0816496580927726, 0.0912870929175277, 0.09534625892455924, 0.0912870929175277, 0.0912870929175277, 0.0912870929175277], [0.4714045207910316, 0.4216370213557839, 0.4216370213557839, 0.4216370213557839, 0.4216370213557839, 1.0, 0.3333333333333333, 0.5270462766947299, 0.31622776601683794, 0.7071067811865475, 0.35355339059327373, 0.5555555555555556, 0.5892556509887895, 0.4216370213557839, 0.5555555555555556, 0.5555555555555556, 0.30151134457776363, 0.5555555555555556, 0.4216370213557839, 0.5892556509887895, 0.8249579113843054, 0.4216370213557839, 0.6666666666666667, 0.5555555555555556, 0.6666666666666667, 0.4216370213557839, 0.5555555555555556, 0.4444444444444444, 0.4216370213557839, 0.31622776601683794, 0.2222222222222222, 0.0, 0.10540925533894598, 0.10050378152592121, 0.10050378152592121, 0.30151134457776363, 0.21081851067789195, 0.09245003270420485, 0.10540925533894598, 0.21081851067789195, 0.1111111111111111, 0.2222222222222222, 0.5270462766947299, 0.31622776601683794, 0.09622504486493763, 0.31622776601683794, 0.20100756305184242, 0.30151134457776363, 0.30151134457776363, 0.21081851067789195, 0.21081851067789195, 0.0, 0.10050378152592121, 0.08606629658238703, 0.08333333333333333, 0.08606629658238703, 0.0890870806374748, 0.10050378152592121, 0.0890870806374748, 0.08606629658238703, 0.10050378152592121, 0.09622504486493763, 0.09622504486493763, 0.09245003270420485, 0.0890870806374748, 0.09622504486493763, 0.08606629658238703, 0.25, 0.4216370213557839, 0.4216370213557839, 0.1781741612749496, 0.30151134457776363, 0.35355339059327373, 0.31622776601683794, 0.5555555555555556, 0.21081851067789195, 0.2672612419124244, 0.1781741612749496, 0.0, 0.0, 0.3698001308168194, 0.30151134457776363, 0.31622776601683794, 0.31622776601683794, 0.3849001794597505, 0.20100756305184242, 0.30151134457776363, 0.09245003270420485, 0.08606629658238703, 0.0, 0.09622504486493763, 0.10540925533894598, 0.30151134457776363, 0.10050378152592121, 0.28867513459481287, 0.20100756305184242, 0.5270462766947299, 0.5555555555555556, 0.5892556509887895, 0.5555555555555556, 0.5892556509887895, 0.5270462766947299, 0.4714045207910316, 0.6666666666666667, 0.5555555555555556, 0.4216370213557839, 0.3333333333333333, 0.3849001794597505, 0.28867513459481287, 0.21081851067789195, 0.30151134457776363, 0.19245008972987526, 0.35355339059327373, 0.30151134457776363, 0.1178511301977579, 0.40201512610368484, 0.1111111111111111, 0.09622504486493763, 0.31622776601683794, 0.3333333333333333, 0.21081851067789195, 0.21081851067789195, 0.4216370213557839, 0.09622504486493763, 0.09622504486493763, 0.20100756305184242, 0.0, 0.0, 0.0, 0.0, 0.0, 0.0, 0.0, 0.0, 0.0, 0.0, 0.09622504486493763, 0.09622504486493763, 0.0890870806374748, 0.09622504486493763, 0.08606629658238703, 0.09622504486493763, 0.10050378152592121, 0.09622504486493763, 0.09622504486493763, 0.09622504486493763], [0.5892556509887895, 0.6324555320336759, 0.6324555320336759, 0.4216370213557839, 0.6324555320336759, 0.3333333333333333, 1.0000000000000002, 0.31622776601683794, 0.6324555320336759, 0.35355339059327373, 0.1178511301977579, 0.2222222222222222, 0.1178511301977579, 0.31622776601683794, 0.2222222222222222, 0.4444444444444444, 0.20100756305184242, 0.2222222222222222, 0.21081851067789195, 0.2357022603955158, 0.2357022603955158, 0.31622776601683794, 0.2222222222222222, 0.2222222222222222, 0.2222222222222222, 0.31622776601683794, 0.2222222222222222, 0.2222222222222222, 0.31622776601683794, 0.21081851067789195, 0.4444444444444444, 0.1111111111111111, 0.21081851067789195, 0.0, 0.30151134457776363, 0.10050378152592121, 0.10540925533894598, 0.09245003270420485, 0.21081851067789195, 0.10540925533894598, 0.1111111111111111, 0.1111111111111111, 0.21081851067789195, 0.31622776601683794, 0.19245008972987526, 0.21081851067789195, 0.10050378152592121, 0.20100756305184242, 0.20100756305184242, 0.21081851067789195, 0.21081851067789195, 0.0, 0.10050378152592121, 0.17213259316477406, 0.08333333333333333, 0.08606629658238703, 0.0890870806374748, 0.10050378152592121, 0.0890870806374748, 0.08606629658238703, 0.10050378152592121, 0.09622504486493763, 0.09622504486493763, 0.09245003270420485, 0.0890870806374748, 0.09622504486493763, 0.08606629658238703, 0.3333333333333333, 0.6324555320336759, 0.4216370213557839, 0.3563483225498992, 0.502518907629606, 0.1178511301977579, 0.21081851067789195, 0.2222222222222222, 0.21081851067789195, 0.0890870806374748, 0.3563483225498992, 0.10540925533894598, 0.09245003270420485, 0.4622501635210242, 0.20100756305184242, 0.4216370213557839, 0.21081851067789195, 0.19245008972987526, 0.20100756305184242, 0.40201512610368484, 0.1849000654084097, 0.17213259316477406, 0.09622504486493763, 0.19245008972987526, 0.21081851067789195, 0.40201512610368484, 0.20100756305184242, 0.09622504486493763, 0.10050378152592121, 0.4216370213557839, 0.2222222222222222, 0.2357022603955158, 0.2222222222222222, 0.2357022603955158, 0.21081851067789195, 0.2357022603955158, 0.2222222222222222, 0.2222222222222222, 0.21081851067789195, 0.1111111111111111, 0.09622504486493763, 0.09622504486493763, 0.21081851067789195, 0.10050378152592121, 0.19245008972987526, 0.2357022603955158, 0.10050378152592121, 0.0, 0.10050378152592121, 0.1111111111111111, 0.09622504486493763, 0.21081851067789195, 0.1111111111111111, 0.21081851067789195, 0.21081851067789195, 0.21081851067789195, 0.09622504486493763, 0.09622504486493763, 0.20100756305184242, 0.0, 0.0, 0.0, 0.0, 0.0, 0.0, 0.0, 0.0, 0.0, 0.0, 0.09622504486493763, 0.09622504486493763, 0.0890870806374748, 0.09622504486493763, 0.08606629658238703, 0.09622504486493763, 0.10050378152592121, 0.09622504486493763, 0.09622504486493763, 0.09622504486493763], [0.4472135954999579, 0.4, 0.6000000000000001, 0.5, 0.4, 0.5270462766947299, 0.31622776601683794, 1.0, 0.30000000000000004, 0.5590169943749475, 0.4472135954999579, 0.4216370213557839, 0.4472135954999579, 0.5, 0.5270462766947299, 0.31622776601683794, 0.4767312946227962, 0.5270462766947299, 0.5, 0.4472135954999579, 0.4472135954999579, 0.6, 0.4216370213557839, 0.4216370213557839, 0.4216370213557839, 0.5, 0.31622776601683794, 0.31622776601683794, 0.30000000000000004, 0.2, 0.21081851067789195, 0.0, 0.1, 0.09534625892455924, 0.09534625892455924, 0.19069251784911848, 0.1, 0.17541160386140586, 0.2, 0.1, 0.21081851067789195, 0.10540925533894598, 0.4, 0.30000000000000004, 0.0912870929175277, 0.30000000000000004, 0.2860387767736777, 0.38138503569823695, 0.2860387767736777, 0.2, 0.2, 0.0, 0.09534625892455924, 0.0816496580927726, 0.07905694150420949, 0.0816496580927726, 0.08451542547285167, 0.09534625892455924, 0.08451542547285167, 0.0816496580927726, 0.09534625892455924, 0.0912870929175277, 0.0912870929175277, 0.08770580193070293, 0.08451542547285167, 0.0912870929175277, 0.0816496580927726, 0.23717082451262844, 0.4, 0.4, 0.16903085094570333, 0.2860387767736777, 0.4472135954999579, 0.4, 0.5270462766947299, 0.2, 0.16903085094570333, 0.16903085094570333, 0.0, 0.0, 0.3508232077228117, 0.38138503569823695, 0.30000000000000004, 0.30000000000000004, 0.27386127875258315, 0.19069251784911848, 0.2860387767736777, 0.08770580193070293, 0.0816496580927726, 0.0, 0.0912870929175277, 0.1, 0.2860387767736777, 0.09534625892455924, 0.1825741858350554, 0.09534625892455924, 0.5, 0.4216370213557839, 0.4472135954999579, 0.5270462766947299, 0.33541019662496846, 0.30000000000000004, 0.4472135954999579, 0.4216370213557839, 0.4216370213557839, 0.5, 0.21081851067789195, 0.27386127875258315, 0.1825741858350554, 0.2, 0.19069251784911848, 0.1825741858350554, 0.22360679774997896, 0.19069251784911848, 0.11180339887498948, 0.2860387767736777, 0.10540925533894598, 0.0912870929175277, 0.30000000000000004, 0.31622776601683794, 0.2, 0.2, 0.4, 0.0912870929175277, 0.0912870929175277, 0.19069251784911848, 0.0, 0.0, 0.0, 0.0, 0.0, 0.0, 0.0, 0.0, 0.0, 0.0, 0.0912870929175277, 0.0912870929175277, 0.08451542547285167, 0.0912870929175277, 0.0816496580927726, 0.0912870929175277, 0.09534625892455924, 0.0912870929175277, 0.0912870929175277, 0.0912870929175277], [0.4472135954999579, 0.5, 0.4, 0.30000000000000004, 0.4, 0.31622776601683794, 0.6324555320336759, 0.30000000000000004, 0.9999999999999999, 0.33541019662496846, 0.22360679774997896, 0.21081851067789195, 0.11180339887498948, 0.2, 0.21081851067789195, 0.4216370213557839, 0.19069251784911848, 0.21081851067789195, 0.30000000000000004, 0.22360679774997896, 0.22360679774997896, 0.2, 0.21081851067789195, 0.21081851067789195, 0.21081851067789195, 0.2, 0.4216370213557839, 0.31622776601683794, 0.2, 0.2, 0.31622776601683794, 0.0, 0.1, 0.0, 0.19069251784911848, 0.09534625892455924, 0.1, 0.08770580193070293, 0.1, 0.1, 0.10540925533894598, 0.10540925533894598, 0.30000000000000004, 0.2, 0.0912870929175277, 0.1, 0.19069251784911848, 0.09534625892455924, 0.09534625892455924, 0.2, 0.1, 0.0, 0.09534625892455924, 0.0816496580927726, 0.07905694150420949, 0.0816496580927726, 0.08451542547285167, 0.09534625892455924, 0.08451542547285167, 0.0816496580927726, 0.09534625892455924, 0.0912870929175277, 0.0912870929175277, 0.08770580193070293, 0.08451542547285167, 0.0912870929175277, 0.0816496580927726, 0.23717082451262844, 0.5, 0.30000000000000004, 0.253546276418555, 0.38138503569823695, 0.22360679774997896, 0.1, 0.21081851067789195, 0.2, 0.08451542547285167, 0.33806170189140666, 0.0, 0.0, 0.43852900965351466, 0.09534625892455924, 0.30000000000000004, 0.1, 0.1825741858350554, 0.19069251784911848, 0.2860387767736777, 0.08770580193070293, 0.0816496580927726, 0.0, 0.0912870929175277, 0.1, 0.2860387767736777, 0.09534625892455924, 0.0912870929175277, 0.09534625892455924, 0.4, 0.21081851067789195, 0.22360679774997896, 0.21081851067789195, 0.33541019662496846, 0.30000000000000004, 0.22360679774997896, 0.21081851067789195, 0.21081851067789195, 0.2, 0.10540925533894598, 0.0912870929175277, 0.0912870929175277, 0.1, 0.09534625892455924, 0.0912870929175277, 0.22360679774997896, 0.09534625892455924, 0.0, 0.09534625892455924, 0.10540925533894598, 0.0912870929175277, 0.1, 0.10540925533894598, 0.2, 0.2, 0.2, 0.0912870929175277, 0.0912870929175277, 0.09534625892455924, 0.0, 0.0, 0.0, 0.0, 0.0, 0.0, 0.0, 0.0, 0.0, 0.0, 0.0912870929175277, 0.0912870929175277, 0.08451542547285167, 0.0912870929175277, 0.0816496580927726, 0.0912870929175277, 0.09534625892455924, 0.0912870929175277, 0.0912870929175277, 0.0912870929175277], [0.6249999999999999, 0.5590169943749475, 0.4472135954999579, 0.4472135954999579, 0.4472135954999579, 0.7071067811865475, 0.35355339059327373, 0.5590169943749475, 0.33541019662496846, 0.9999999999999999, 0.3749999999999999, 0.5892556509887895, 0.4999999999999999, 0.5590169943749475, 0.5892556509887895, 0.4714045207910316, 0.3198010745334156, 0.7071067811865475, 0.4472135954999579, 0.7499999999999999, 0.6249999999999999, 0.4472135954999579, 0.5892556509887895, 0.5892556509887895, 0.5892556509887895, 0.4472135954999579, 0.4714045207910316, 0.4714045207910316, 0.4472135954999579, 0.33541019662496846, 0.2357022603955158, 0.0, 0.11180339887498948, 0.10660035817780521, 0.10660035817780521, 0.3198010745334156, 0.22360679774997896, 0.09805806756909201, 0.11180339887498948, 0.22360679774997896, 0.1178511301977579, 0.2357022603955158, 0.6708203932499369, 0.33541019662496846, 0.10206207261596575, 0.33541019662496846, 0.21320071635561041, 0.3198010745334156, 0.3198010745334156, 0.22360679774997896, 0.22360679774997896, 0.09805806756909201, 0.10660035817780521, 0.09128709291752767, 0.08838834764831843, 0.18257418583505533, 0.1889822365046136, 0.10660035817780521, 0.1889822365046136, 0.18257418583505533, 0.10660035817780521, 0.10206207261596575, 0.10206207261596575, 0.09805806756909201, 0.1889822365046136, 0.10206207261596575, 0.18257418583505533, 0.35355339059327373, 0.5590169943749475, 0.5590169943749475, 0.28347335475692037, 0.42640143271122083, 0.3749999999999999, 0.33541019662496846, 0.7071067811865475, 0.22360679774997896, 0.28347335475692037, 0.1889822365046136, 0.0, 0.0, 0.294174202707276, 0.3198010745334156, 0.4472135954999579, 0.33541019662496846, 0.5103103630798288, 0.21320071635561041, 0.42640143271122083, 0.19611613513818402, 0.18257418583505533, 0.10206207261596575, 0.10206207261596575, 0.11180339887498948, 0.42640143271122083, 0.10660035817780521, 0.30618621784789724, 0.21320071635561041, 0.5590169943749475, 0.7071067811865475, 0.7499999999999999, 0.7071067811865475, 0.4999999999999999, 0.4472135954999579, 0.4999999999999999, 0.5892556509887895, 0.5892556509887895, 0.5590169943749475, 0.35355339059327373, 0.408248290463863, 0.30618621784789724, 0.22360679774997896, 0.3198010745334156, 0.2041241452319315, 0.3749999999999999, 0.3198010745334156, 0.12499999999999997, 0.42640143271122083, 0.1178511301977579, 0.10206207261596575, 0.33541019662496846, 0.35355339059327373, 0.22360679774997896, 0.22360679774997896, 0.5590169943749475, 0.10206207261596575, 0.10206207261596575, 0.21320071635561041, 0.0, 0.0, 0.0, 0.0, 0.0, 0.0, 0.0, 0.0, 0.0, 0.0, 0.10206207261596575, 0.10206207261596575, 0.0944911182523068, 0.10206207261596575, 0.09128709291752767, 0.10206207261596575, 0.10660035817780521, 0.10206207261596575, 0.10206207261596575, 0.10206207261596575], [0.12499999999999997, 0.11180339887498948, 0.4472135954999579, 0.33541019662496846, 0.22360679774997896, 0.35355339059327373, 0.1178511301977579, 0.4472135954999579, 0.22360679774997896, 0.3749999999999999, 0.9999999999999998, 0.4714045207910316, 0.6249999999999999, 0.4472135954999579, 0.5892556509887895, 0.35355339059327373, 0.42640143271122083, 0.4714045207910316, 0.6708203932499369, 0.3749999999999999, 0.3749999999999999, 0.33541019662496846, 0.35355339059327373, 0.35355339059327373, 0.35355339059327373, 0.33541019662496846, 0.4714045207910316, 0.2357022603955158, 0.22360679774997896, 0.11180339887498948, 0.0, 0.0, 0.0, 0.10660035817780521, 0.10660035817780521, 0.3198010745334156, 0.11180339887498948, 0.0, 0.0, 0.11180339887498948, 0.0, 0.1178511301977579, 0.22360679774997896, 0.11180339887498948, 0.0, 0.22360679774997896, 0.21320071635561041, 0.10660035817780521, 0.10660035817780521, 0.22360679774997896, 0.11180339887498948, 0.0, 0.0, 0.0, 0.0, 0.0, 0.0, 0.0, 0.0, 0.0, 0.0, 0.0, 0.0, 0.0, 0.0, 0.0, 0.0, 0.08838834764831843, 0.11180339887498948, 0.11180339887498948, 0.0, 0.21320071635561041, 0.9999999999999998, 0.33541019662496846, 0.4714045207910316, 0.22360679774997896, 0.1889822365046136, 0.0944911182523068, 0.0, 0.0, 0.19611613513818402, 0.10660035817780521, 0.11180339887498948, 0.11180339887498948, 0.2041241452319315, 0.21320071635561041, 0.10660035817780521, 0.0, 0.0, 0.0, 0.0, 0.0, 0.10660035817780521, 0.0, 0.2041241452319315, 0.10660035817780521, 0.4472135954999579, 0.4714045207910316, 0.3749999999999999, 0.4714045207910316, 0.4999999999999999, 0.4472135954999579, 0.24999999999999994, 0.35355339059327373, 0.35355339059327373, 0.33541019662496846, 0.2357022603955158, 0.2041241452319315, 0.2041241452319315, 0.11180339887498948, 0.21320071635561041, 0.10206207261596575, 0.12499999999999997, 0.21320071635561041, 0.12499999999999997, 0.21320071635561041, 0.0, 0.0, 0.11180339887498948, 0.2357022603955158, 0.22360679774997896, 0.22360679774997896, 0.11180339887498948, 0.0, 0.0, 0.10660035817780521, 0.0, 0.0, 0.0, 0.0, 0.0, 0.0, 0.0, 0.0, 0.0, 0.0, 0.0, 0.0, 0.0, 0.0, 0.0, 0.10206207261596575, 0.0, 0.0, 0.0, 0.0], [0.35355339059327373, 0.31622776601683794, 0.31622776601683794, 0.31622776601683794, 0.31622776601683794, 0.5555555555555556, 0.2222222222222222, 0.4216370213557839, 0.21081851067789195, 0.5892556509887895, 0.4714045207910316, 0.9999999999999999, 0.7071067811865475, 0.5270462766947299, 0.7777777777777778, 0.6666666666666666, 0.40201512610368484, 0.5555555555555556, 0.4216370213557839, 0.5892556509887895, 0.5892556509887895, 0.4216370213557839, 0.5555555555555556, 0.6666666666666667, 0.6666666666666667, 0.4216370213557839, 0.4444444444444444, 0.3333333333333333, 0.31622776601683794, 0.21081851067789195, 0.1111111111111111, 0.0, 0.10540925533894598, 0.10050378152592121, 0.20100756305184242, 0.40201512610368484, 0.21081851067789195, 0.09245003270420485, 0.10540925533894598, 0.21081851067789195, 0.1111111111111111, 0.2222222222222222, 0.4216370213557839, 0.21081851067789195, 0.09622504486493763, 0.4216370213557839, 0.20100756305184242, 0.30151134457776363, 0.30151134457776363, 0.21081851067789195, 0.21081851067789195, 0.0, 0.10050378152592121, 0.08606629658238703, 0.08333333333333333, 0.08606629658238703, 0.0890870806374748, 0.10050378152592121, 0.0890870806374748, 0.08606629658238703, 0.10050378152592121, 0.09622504486493763, 0.09622504486493763, 0.09245003270420485, 0.0890870806374748, 0.09622504486493763, 0.08606629658238703, 0.16666666666666666, 0.31622776601683794, 0.31622776601683794, 0.0890870806374748, 0.40201512610368484, 0.4714045207910316, 0.5270462766947299, 0.5555555555555556, 0.21081851067789195, 0.2672612419124244, 0.1781741612749496, 0.0, 0.0, 0.2773500981126146, 0.30151134457776363, 0.31622776601683794, 0.31622776601683794, 0.3849001794597505, 0.20100756305184242, 0.40201512610368484, 0.09245003270420485, 0.08606629658238703, 0.0, 0.09622504486493763, 0.10540925533894598, 0.30151134457776363, 0.10050378152592121, 0.28867513459481287, 0.20100756305184242, 0.4216370213557839, 0.6666666666666666, 0.5892556509887895, 0.5555555555555556, 0.4714045207910316, 0.4216370213557839, 0.4714045207910316, 0.5555555555555556, 0.5555555555555556, 0.4216370213557839, 0.3333333333333333, 0.3849001794597505, 0.28867513459481287, 0.21081851067789195, 0.30151134457776363, 0.19245008972987526, 0.2357022603955158, 0.30151134457776363, 0.1178511301977579, 0.40201512610368484, 0.1111111111111111, 0.09622504486493763, 0.31622776601683794, 0.5555555555555556, 0.21081851067789195, 0.21081851067789195, 0.31622776601683794, 0.09622504486493763, 0.09622504486493763, 0.20100756305184242, 0.0, 0.0, 0.0, 0.0, 0.0, 0.0, 0.0, 0.0, 0.0, 0.0, 0.09622504486493763, 0.09622504486493763, 0.0890870806374748, 0.09622504486493763, 0.08606629658238703, 0.19245008972987526, 0.10050378152592121, 0.09622504486493763, 0.09622504486493763, 0.09622504486493763], [0.24999999999999994, 0.22360679774997896, 0.33541019662496846, 0.22360679774997896, 0.22360679774997896, 0.5892556509887895, 0.1178511301977579, 0.4472135954999579, 0.11180339887498948, 0.4999999999999999, 0.6249999999999999, 0.7071067811865475, 0.9999999999999998, 0.4472135954999579, 0.5892556509887895, 0.4714045207910316, 0.3198010745334156, 0.4714045207910316, 0.4472135954999579, 0.4999999999999999, 0.6249999999999999, 0.33541019662496846, 0.5892556509887895, 0.4714045207910316, 0.7071067811865475, 0.33541019662496846, 0.4714045207910316, 0.2357022603955158, 0.22360679774997896, 0.11180339887498948, 0.0, 0.0, 0.0, 0.10660035817780521, 0.10660035817780521, 0.3198010745334156, 0.11180339887498948, 0.0, 0.0, 0.11180339887498948, 0.0, 0.1178511301977579, 0.33541019662496846, 0.11180339887498948, 0.0, 0.33541019662496846, 0.10660035817780521, 0.21320071635561041, 0.21320071635561041, 0.11180339887498948, 0.11180339887498948, 0.0, 0.0, 0.0, 0.0, 0.0, 0.0, 0.0, 0.0, 0.0, 0.0, 0.0, 0.0, 0.0, 0.0, 0.0, 0.0, 0.17677669529663687, 0.22360679774997896, 0.22360679774997896, 0.0, 0.3198010745334156, 0.6249999999999999, 0.5590169943749475, 0.4714045207910316, 0.11180339887498948, 0.1889822365046136, 0.0944911182523068, 0.0, 0.0, 0.294174202707276, 0.21320071635561041, 0.22360679774997896, 0.22360679774997896, 0.30618621784789724, 0.10660035817780521, 0.21320071635561041, 0.0, 0.0, 0.0, 0.0, 0.0, 0.21320071635561041, 0.0, 0.2041241452319315, 0.10660035817780521, 0.33541019662496846, 0.5892556509887895, 0.4999999999999999, 0.4714045207910316, 0.4999999999999999, 0.4472135954999579, 0.3749999999999999, 0.4714045207910316, 0.4714045207910316, 0.33541019662496846, 0.2357022603955158, 0.30618621784789724, 0.2041241452319315, 0.11180339887498948, 0.21320071635561041, 0.10206207261596575, 0.12499999999999997, 0.21320071635561041, 0.12499999999999997, 0.3198010745334156, 0.0, 0.0, 0.22360679774997896, 0.4714045207910316, 0.11180339887498948, 0.11180339887498948, 0.22360679774997896, 0.0, 0.0, 0.10660035817780521, 0.0, 0.0, 0.0, 0.0, 0.0, 0.0, 0.0, 0.0, 0.0, 0.0, 0.0, 0.0, 0.0, 0.0, 0.0, 0.10206207261596575, 0.0, 0.0, 0.0, 0.0], [0.5590169943749475, 0.5, 0.5, 0.5, 0.4, 0.4216370213557839, 0.31622776601683794, 0.5, 0.2, 0.5590169943749475, 0.4472135954999579, 0.5270462766947299, 0.4472135954999579, 1.0, 0.6324555320336759, 0.4216370213557839, 0.4767312946227962, 0.6324555320336759, 0.4, 0.5590169943749475, 0.4472135954999579, 0.7, 0.4216370213557839, 0.4216370213557839, 0.4216370213557839, 0.6, 0.31622776601683794, 0.21081851067789195, 0.30000000000000004, 0.1, 0.21081851067789195, 0.10540925533894598, 0.2, 0.09534625892455924, 0.2860387767736777, 0.2860387767736777, 0.1, 0.08770580193070293, 0.2, 0.1, 0.10540925533894598, 0.10540925533894598, 0.4, 0.30000000000000004, 0.1825741858350554, 0.5, 0.19069251784911848, 0.38138503569823695, 0.38138503569823695, 0.30000000000000004, 0.30000000000000004, 0.08770580193070293, 0.09534625892455924, 0.1632993161855452, 0.07905694150420949, 0.1632993161855452, 0.253546276418555, 0.09534625892455924, 0.16903085094570333, 0.1632993161855452, 0.19069251784911848, 0.0912870929175277, 0.1825741858350554, 0.08770580193070293, 0.253546276418555, 0.0912870929175277, 0.1632993161855452, 0.31622776601683794, 0.5, 0.5, 0.253546276418555, 0.5720775535473555, 0.4472135954999579, 0.5, 0.6324555320336759, 0.30000000000000004, 0.16903085094570333, 0.253546276418555, 0.1, 0.08770580193070293, 0.3508232077228117, 0.38138503569823695, 0.5, 0.4, 0.3651483716701108, 0.2860387767736777, 0.4767312946227962, 0.2631174057921088, 0.2449489742783178, 0.1825741858350554, 0.1825741858350554, 0.2, 0.4767312946227962, 0.19069251784911848, 0.1825741858350554, 0.09534625892455924, 0.5, 0.6324555320336759, 0.5590169943749475, 0.6324555320336759, 0.33541019662496846, 0.30000000000000004, 0.4472135954999579, 0.4216370213557839, 0.4216370213557839, 0.6, 0.21081851067789195, 0.27386127875258315, 0.1825741858350554, 0.30000000000000004, 0.19069251784911848, 0.27386127875258315, 0.11180339887498948, 0.19069251784911848, 0.11180339887498948, 0.2860387767736777, 0.10540925533894598, 0.0912870929175277, 0.4, 0.4216370213557839, 0.30000000000000004, 0.30000000000000004, 0.4, 0.1825741858350554, 0.1825741858350554, 0.2860387767736777, 0.0, 0.0, 0.0, 0.0, 0.0, 0.0, 0.0, 0.0, 0.0, 0.0, 0.1825741858350554, 0.1825741858350554, 0.16903085094570333, 0.1825741858350554, 0.0816496580927726, 0.1825741858350554, 0.19069251784911848, 0.1825741858350554, 0.1825741858350554, 0.1825741858350554], [0.35355339059327373, 0.31622776601683794, 0.4216370213557839, 0.4216370213557839, 0.31622776601683794, 0.5555555555555556, 0.2222222222222222, 0.5270462766947299, 0.21081851067789195, 0.5892556509887895, 0.5892556509887895, 0.7777777777777778, 0.5892556509887895, 0.6324555320336759, 0.9999999999999999, 0.6666666666666666, 0.502518907629606, 0.6666666666666667, 0.5270462766947299, 0.5892556509887895, 0.5892556509887895, 0.5270462766947299, 0.5555555555555556, 0.6666666666666667, 0.5555555555555556, 0.5270462766947299, 0.4444444444444444, 0.3333333333333333, 0.31622776601683794, 0.21081851067789195, 0.1111111111111111, 0.0, 0.10540925533894598, 0.10050378152592121, 0.20100756305184242, 0.40201512610368484, 0.21081851067789195, 0.09245003270420485, 0.10540925533894598, 0.21081851067789195, 0.1111111111111111, 0.2222222222222222, 0.4216370213557839, 0.21081851067789195, 0.09622504486493763, 0.4216370213557839, 0.20100756305184242, 0.30151134457776363, 0.30151134457776363, 0.21081851067789195, 0.21081851067789195, 0.0, 0.10050378152592121, 0.08606629658238703, 0.08333333333333333, 0.08606629658238703, 0.0890870806374748, 0.10050378152592121, 0.0890870806374748, 0.08606629658238703, 0.10050378152592121, 0.09622504486493763, 0.09622504486493763, 0.09245003270420485, 0.0890870806374748, 0.09622504486493763, 0.08606629658238703, 0.16666666666666666, 0.31622776601683794, 0.31622776601683794, 0.0890870806374748, 0.40201512610368484, 0.5892556509887895, 0.4216370213557839, 0.6666666666666667, 0.21081851067789195, 0.2672612419124244, 0.1781741612749496, 0.0, 0.0, 0.2773500981126146, 0.30151134457776363, 0.31622776601683794, 0.31622776601683794, 0.3849001794597505, 0.20100756305184242, 0.40201512610368484, 0.09245003270420485, 0.08606629658238703, 0.0, 0.09622504486493763, 0.10540925533894598, 0.30151134457776363, 0.10050378152592121, 0.28867513459481287, 0.20100756305184242, 0.5270462766947299, 0.6666666666666666, 0.5892556509887895, 0.6666666666666667, 0.4714045207910316, 0.4216370213557839, 0.5892556509887895, 0.5555555555555556, 0.5555555555555556, 0.5270462766947299, 0.3333333333333333, 0.3849001794597505, 0.28867513459481287, 0.21081851067789195, 0.30151134457776363, 0.19245008972987526, 0.2357022603955158, 0.30151134457776363, 0.1178511301977579, 0.40201512610368484, 0.1111111111111111, 0.09622504486493763, 0.31622776601683794, 0.4444444444444444, 0.21081851067789195, 0.21081851067789195, 0.31622776601683794, 0.09622504486493763, 0.09622504486493763, 0.20100756305184242, 0.0, 0.0, 0.0, 0.0, 0.0, 0.0, 0.0, 0.0, 0.0, 0.0, 0.09622504486493763, 0.09622504486493763, 0.0890870806374748, 0.09622504486493763, 0.08606629658238703, 0.19245008972987526, 0.10050378152592121, 0.09622504486493763, 0.09622504486493763, 0.09622504486493763], [0.35355339059327373, 0.4216370213557839, 0.21081851067789195, 0.21081851067789195, 0.21081851067789195, 0.5555555555555556, 0.4444444444444444, 0.31622776601683794, 0.4216370213557839, 0.4714045207910316, 0.35355339059327373, 0.6666666666666666, 0.4714045207910316, 0.4216370213557839, 0.6666666666666666, 0.9999999999999999, 0.30151134457776363, 0.4444444444444444, 0.31622776601683794, 0.4714045207910316, 0.5892556509887895, 0.31622776601683794, 0.4444444444444444, 0.5555555555555556, 0.4444444444444444, 0.31622776601683794, 0.3333333333333333, 0.2222222222222222, 0.21081851067789195, 0.21081851067789195, 0.1111111111111111, 0.0, 0.10540925533894598, 0.0, 0.20100756305184242, 0.30151134457776363, 0.21081851067789195, 0.09245003270420485, 0.10540925533894598, 0.21081851067789195, 0.1111111111111111, 0.2222222222222222, 0.31622776601683794, 0.10540925533894598, 0.09622504486493763, 0.31622776601683794, 0.10050378152592121, 0.20100756305184242, 0.20100756305184242, 0.10540925533894598, 0.10540925533894598, 0.0, 0.10050378152592121, 0.08606629658238703, 0.08333333333333333, 0.08606629658238703, 0.0890870806374748, 0.10050378152592121, 0.0890870806374748, 0.08606629658238703, 0.10050378152592121, 0.09622504486493763, 0.09622504486493763, 0.09245003270420485, 0.0890870806374748, 0.09622504486493763, 0.08606629658238703, 0.16666666666666666, 0.4216370213557839, 0.21081851067789195, 0.0890870806374748, 0.502518907629606, 0.35355339059327373, 0.31622776601683794, 0.4444444444444444, 0.10540925533894598, 0.1781741612749496, 0.2672612419124244, 0.0, 0.0, 0.4622501635210242, 0.20100756305184242, 0.31622776601683794, 0.21081851067789195, 0.3849001794597505, 0.10050378152592121, 0.502518907629606, 0.09245003270420485, 0.08606629658238703, 0.0, 0.09622504486493763, 0.10540925533894598, 0.40201512610368484, 0.10050378152592121, 0.19245008972987526, 0.20100756305184242, 0.31622776601683794, 0.5555555555555556, 0.4714045207910316, 0.4444444444444444, 0.35355339059327373, 0.31622776601683794, 0.35355339059327373, 0.5555555555555556, 0.4444444444444444, 0.31622776601683794, 0.2222222222222222, 0.28867513459481287, 0.19245008972987526, 0.10540925533894598, 0.20